111111111111111111111111111111111101111111111111111111111111111111111111111111111011
111111111111111110111111101111111110111111111111111111111111111111111111011111111111
111111111111111111111111111111111111111110111111111011111111111111111111111111111111
111111111011110111011111110111111111111001110110111100101111110111101111110011111111
111111111111011111111111111111111111111111111111111111111111111011111111111111111111
000000000000000000000010000000000000000000000000001000000000000000000000000000000000
000000000000000000000000000000000010000000010000000000000000000000000001000000000110
010000110100001101110000111001000101100111101011000111111011001001010000111100110000
111111111111110111111111110111111111111111111110111100101111110111101111111011111111
000100001001100010000000000000000000011000000100100000000000100100100000000010000000
111111111111111111111011111111111111111111111111111111111111111111111111111110111111
101111111111111111101111111111111111111111011111111111111111111110111111111111101111
001101001011110010001010000010000000011000000100101000000000100110100000000010000000
111111111111111111111111111111111111111111111110111110101111110111111111111111111111
111111111111111111111111111111111111110111111111011111111111111111111111111111111111
000000000000000000000000000000000000000001000010000100001000000000000000010000000000
111111111111111111101111111111111111111111011111111111111111111111111111111111111111
010000110100001101110000111001001111100111111011010111111011011001010011111100111110
111111111111110111111111110111111111111101111110111100101111110111101111111011111111
010000000100001101110000111001000001000110101001000011110011001001010000101100110000
010000110100001101110000111001000101100110101001000011110011001001010000101100110000
000000000000100010000000000000000000000000000000000000000000000100000000000000000000
111111111111111111111111111111111111111111111111111110111111110111111111111111111111
000000000100000000000000000000000000000000001000000000000000000000000000000000000000
111010110100001101110111111111111111100111111011011111111111011011011111111101111111
011111111111111111111010111111101111111111111111111111111111111111111111111110111110
000000001000000000000000000000000000000000000000000000000000100000000000000000000000
000101001011100010001000000000000000011000000100100000000000100100100000000010000000
000000000000000000000000000000000000000000000000000000001000000000000000010000000000
111111110110011101111111111111111111100111111011011111111111011011011111111101111111
011111111111111111111110111111101111111111111111111111111111111111111111111111111110
111111110111011101111111111111111111100111111011011111111111011011011111111101111111
000000000000000000000000000000001010000000010000000000000000010000000011000000001110
111111111111111111111111111111110101111111101111101111111111101111111100111111110001
001101001011110010001010000110000000011000000100101000000000100110100000000010000000
001101001011110010001000000010000000011000000100100000000000100110100000000010000000
000000000000001000000000001000000000000000000001000011010000001000000000000100000000
000000001000000000000000000000000000001000000000100000000000100000000000000000000000
010000110100001101110000111001001111100111111011010111111011011001010111111100111110
111111111011111111011111111111111111111011110111111111111111111111111111110111111111
111111111111111111111111111111110101111111101111111111111111111111111100111111110001
111111111111111111111111111101111111111111111111111111111111111101111111111111111111
111111111111111111111111111111111111111110111111111011110111111111111111101111111111
000000000000000000000000000001000000000000000000000000000001000000000000000000000000
000000000000100010000000000000000000000000000000000000000000000100000000000010000000
000000000000000000000000000000000000000000000000000010000000000000000000000100000000
010000110100001101110000111001000101000110101001000011110011001001010000101100110000
000000000000000000000000100000000000000000000000000000100000000000000000000000000000
101111111111111110101111101111111110111111011111111111111101111110111111011111101111
111111111111111110111111111111111110111111111111111111111111111111111111111111111111
010000000000000000000000000000000000000000000000000000000000000000000000000000010000
000000000000000001000000000000000001000000000000000000000000000000000000100000000000
111111111111111111111111111111110101111111101111111111111111111111111110111111110001
000000000000001000000000000000000000000000000001000001010000001000000000000000000000
000000000010000000001000000000000000000000000000000000000000000000000000000000000000
111111111111111111111111111111110101111111101111111111111111111111111110111111111001
111111111111111111111111111111101111111111111111111111111111111111111111111111111110
100000000000000000000101000000010000000000000000000000000000000000001000000001000001
000000000000000100000000100001000000000000000000000000100001000000000000000000100000
000000001000000000000000000000000000001000000000100000000000100000100000000000000000
111111111111111111011111111111111111111011111111111111111111111111111111110111111111
000000000000001000000000000000000000000000000001000011010000001000000000000100000000
011111111111111111111010111111001111111111111111111111111011111111110111111110111110
000000000000000000000000000000000000000000010000000000000000000000000001000000000000
101111111111111010101111001110111110111111011111111111011100111110111111011111001111
000000000000000100000000000001000000000000000000000000000001000000000000000000100000
010000000000000000000000000000000000000000000000000000000000000001000000000000010000
111111111111111111111111111111111111111011111111111111111111111111111111110111111111
100000000000000000000001000000000000000000000000000000000000000000000000000000000000
100010000000000000000101000000110000000000000000000000000100000000001000000001000001
101111111111111111101111111111111111111111011111111111111101111110111111111111101111
111110111101111111110111111111111111111111111111111111111111111111111111111111111111
010000010100001101110000111001000101000110101001000011110011001001010000101100110000
101111111011110010001111000110111010111001010110111100001100110110101111010011001111
000000000000000100000000000000000000000000000000000000000000000000000000000000100000
111111111111111111111111111111111101111111101111111111111111111111111110111111111011
000000000000000000000000000000000000000000000001000000010000000000000000000000000000
011111111111111111111010111111101111111111111111111111111011111111110111111110111110
111111110111011101111111111111111111110111111111011111111111011011011111111101111111
110110111101100001001010011011100011101000110000111111011001010010110011010100011100
001101001011110010001000000000000000011000000100100000000000100100100000000010000000
000000001000100010000000000000000000001000000100100000000000100100100000000010000000
