20200.7776835
4536.94947177
4634.00223177
4693.05058177
4737.01142177
4750.07204177
4874.07033177
4878.13062177
4993.15756177
5011.12924177
5096.16675177
5098.16127177
5183.19878177
5197.22968177
5284.24646177
5328.27017177
5398.28939177
5456.36513177
5512.33232177
5559.37432177
5659.40073177
5662.38351177
5772.48479177
5818.48462177
5887.51173177
5905.51665177
5976.55376177
5990.52092177
6105.54786177
6105.59635177
6202.64911177
6219.59079177
6273.68622177
6306.62282177
6409.63201177
6436.74955177
6533.80231177
6537.69059177
6634.74335177
6648.82925177
6761.91331177
6790.84446177
6874.99737177
6877.87649177
6978.00656177
7040.93982177
7106.10152177
7154.98275177
7235.14411177
7252.03551177
7309.05697177
7322.17614177
7423.09990177
7485.23947177
7536.18396177
7616.27996177
7623.21599177
7694.25310177
7772.38107177
7822.34806177
7919.44948177
7935.43212177
8034.47642177
8082.50053177
8147.56048177
8213.54102177
8250.56967177
8350.59993177
8353.57886177
8410.60032177
8465.62687177
8538.65890177
8578.71093177
8651.74296177
8692.75386177
8782.78345177
8839.82227177
8883.83113177
8938.89068177
8996.91519177
9051.97474177
9153.02242177
9159.97852177
9274.02145177
9282.06501177
9369.09704177
9371.07421177
9474.08340177
9497.15562177
9605.12389177
9612.18256177
9692.15592177
9727.20950177
9820.25088177
9824.26226177
9937.34632177
9948.30946177
10077.3520518
10123.4256318
10252.4682218
10263.4313618
10376.5154218
10380.5268018
10473.5681818
10508.6217618
10588.5951218
10595.6537918
10703.6220618
10726.6942818
10829.7034718
10831.6806418
10918.7126718
10926.7562318
11040.7991618
11047.7552618
11148.8029418
11203.8624918
11261.8870018
11316.9465518
11360.9554118
11417.9942318
11508.0238218
11549.0347218
11622.0667518
11662.1187818
11735.1508118
11790.1773618
11847.1988218
11850.1777518
11950.2080118
11987.2366618
12053.2172018
12118.2771518
12166.3012618
12265.3455618
12281.3282018
12378.4296218
12428.3966118
12506.5245818
12577.5616918
12584.4977218
12664.5937218
12715.5382118
12777.6777818
12878.6015418
12891.7207118
12948.7421718
12965.6335718
13045.7949318
13094.6761618
13159.8378618
13222.7711218
13322.9011918
13325.7803118
13409.9332218
13438.8643718
13551.9484318
13566.0343318
13663.0870918
13666.9753718
13764.0281318
13791.1456718
13894.1548618
13927.0914618
13981.1868918
13998.1285718
14095.1813318
14095.2298218
14210.2567618
14224.2239218
14295.2610318
14313.2659518
14382.2930618
14428.2928918
14538.3941718
14541.3769518
14641.4033618
14688.4453618
14744.4125518
14802.4882918
14872.5075118
14916.5312218
15003.5480018
15017.5789018
15102.6164118
15104.6109318
15189.6484418
15207.6201218
15322.6470618
15326.7073518
15450.7056418
15463.7662618
15507.7271018
15566.7754518
15663.8282118
