842
307 52
40 169
221 346
195 640
95 14
201 506
361 348
229 462
206 296
593 448
688 184
710 43
333 327
73 19
228 96
51 45
200 442
111 224
198 737
432 473
346 485
558 340
325 474
496 8
598 823
408 375
83 109
170 46
207 161
304 112
583 636
616 370
177 351
376 639
20 65
85 22
108 73
572 122
94 152
85 255
298 255
213 5
352 294
261 94
317 486
16 161
655 583
608 294
667 585
544 262
5 524
389 754
214 297
411 350
513 431
115 95
819 342
27 92
750 28
394 29
349 179
260 199
569 542
202 494
565 20
587 20
545 536
33 184
44 150
8 421
65 71
41 415
723 785
341 259
490 225
8 794
378 233
519 54
838 476
376 437
373 27
315 457
535 610
438 155
78 48
80 23
748 803
155 94
572 674
151 301
40 339
400 165
659 707
546 453
299 275
4 66
144 156
548 270
451 210
85 102
193 149
228 363
188 44
137 64
220 35
538 208
48 134
134 753
469 93
145 15
81 622
203 648
342 463
337 29
57 10
175 88
24 5
685 212
57 681
751 525
11 2
46 34
10 3
525 334
20 18
512 695
425 216
6 61
133 32
623 59
316 144
347 239
642 607
543 128
8 15
450 339
526 790
104 127
226 63
326 154
665 97
391 625
169 375
523 305
589 375
97 104
731 4
8 508
103 141
666 112
627 676
54 76
765 108
138 78
441 330
410 314
512 144
178 20
714 451
211 1
526 835
586 563
23 116
300 429
22 210
775 747
186 18
187 216
330 291
829 318
203 348
92 240
130 369
806 588
322 291
286 428
185 7
60 5
621 96
731 841
460 720
659 218
1 4
367 316
534 1
671 219
269 256
511 797
707 743
263 320
613 128
130 535
65 154
198 719
604 347
699 200
50 503
319 563
576 509
288 163
11 32
460 208
663 414
134 206
11 12
528 339
725 476
392 68
215 433
630 450
649 760
561 463
514 619
68 248
416 777
394 772
263 5
157 131
304 801
628 144
254 540
675 206
54 395
738 483
89 532
215 63
378 407
67 292
820 286
170 768
454 481
192 584
97 78
251 26
646 529
469 526
6 7
363 677
572 701
282 439
117 122
260 493
748 147
668 415
164 51
511 112
781 138
64 253
69 758
17 28
403 217
228 597
575 602
773 122
478 356
103 645
354 139
433 762
168 274
145 635
49 423
329 64
154 417
611 609
650 386
559 632
126 86
12 54
804 46
317 204
23 125
769 765
729 752
36 52
166 11
828 13
196 680
443 442
567 813
839 128
56 779
90 12
76 105
285 253
465 163
2 9
512 800
601 112
427 174
168 198
41 45
327 110
104 467
517 793
500 579
716 374
236 272
594 443
38 5
32 77
139 396
275 399
607 369
337 637
1 25
95 280
397 288
234 104
652 114
11 75
644 692
295 120
58 11
130 453
250 459
325 30
160 201
497 784
47 231
219 294
599 373
34 99
173 232
209 55
9 230
75 121
234 353
708 347
45 241
351 536
424 739
260 268
40 68
624 17
177 183
159 20
284 186
219 102
530 241
85 446
776 679
822 184
591 647
321 110
158 149
67 129
166 689
308 303
220 245
132 25
294 452
50 172
127 165
29 218
712 581
262 66
77 131
234 615
89 80
31 11
479 345
515 391
291 303
582 163
118 68
33 41
780 139
143 338
112 109
360 26
227 58
578 830
143 37
211 626
426 326
390 381
64 18
365 242
756 307
27 5
67 88
809 636
517 141
1 195
788 91
527 79
168 75
790 814
516 727
557 248
831 254
128 26
265 729
26 55
80 314
618 266
293 274
488 114
215 837
47 521
405 344
85 142
18 700
815 504
509 245
160 223
157 332
278 70
590 638
212 414
402 255
197 180
606 511
486 687
48 258
104 764
587 679
113 7
187 22
807 30
14 59
664 450
425 644
14 44
101 16
13 106
92 149
202 13
229 81
694 358
126 391
385 59
103 256
208 461
17 464
494 609
111 194
296 711
368 75
12 74
435 54
181 125
350 138
578 108
581 453
106 124
94 19
461 833
10 549
669 247
163 11
216 757
500 575
227 356
792 185
150 516
311 514
787 771
1 2
35 39
404 358
592 5
111 381
113 598
271 249
93 328
19 13
340 158
509 791
140 35
212 661
735 385
30 117
358 192
564 470
609 721
733 215
245 319
30 225
798 442
816 263
114 192
313 235
657 9
840 722
143 214
470 39
518 398
212 242
260 585
326 377
432 333
489 522
302 97
520 634
271 770
167 529
19 309
43 282
99 264
103 475
571 82
38 49
247 153
21 100
243 236
91 135
41 449
246 21
281 771
105 596
2 3
507 825
647 656
88 499
39 144
802 371
127 730
17 22
189 324
26 8
383 691
556 378
5 8
713 326
81 18
484 83
504 566
591 658
84 5
90 167
176 200
98 123
607 799
590 270
471 117
61 653
71 139
83 87
783 504
583 137
47 63
456 551
421 454
287 177
717 284
237 67
413 173
257 175
286 129
612 518
211 306
566 574
114 111
471 696
795 570
29 53
620 236
139 468
30 93
763 190
466 718
782 693
13 741
761 169
747 499
643 80
63 67
166 456
28 649
767 297
50 34
338 547
607 817
448 119
376 458
409 72
39 130
345 263
36 9
48 15
740 237
176 112
715 384
818 400
654 83
39 343
78 827
149 151
466 437
120 342
464 812
505 158
436 510
81 83
355 228
179 81
786 255
252 600
684 395
723 382
48 323
734 78
207 289
125 311
452 796
43 40
690 323
389 190
204 42
16 174
618 824
560 6
686 140
445 109
69 755
307 821
641 150
308 444
212 732
1 6
539 224
591 704
235 31
266 65
385 672
315 256
472 257
491 105
22 34
19 37
190 43
72 10
239 180
267 627
82 75
236 119
330 588
401 350
300 614
774 572
1 498
14 13
300 177
142 422
353 580
129 398
605 304
722 424
662 356
18 14
48 70
533 98
153 554
222 185
11 250
595 94
520 192
28 212
746 609
149 370
325 501
542 276
335 159
37 778
242 447
160 591
705 593
173 670
180 75
1 16
56 205
42 33
567 313
562 100
500 311
17 3
118 434
203 265
436 173
693 647
254 357
424 301
553 660
834 587
703 691
277 166
538 744
166 249
331 258
479 487
480 358
379 66
476 137
255 283
5 86
270 67
111 32
492 250
113 189
2 35
193 431
553 442
137 749
135 208
811 474
153 25
132 305
252 218
495 52
232 281
119 117
631 537
101 388
376 98
120 32
117 318
419 344
826 321
494 682
483 437
201 706
21 20
177 88
507 766
810 216
221 134
267 17
110 54
255 489
66 107
541 125
709 167
482 374
56 14
842 542
118 387
376 380
21 23
745 550
615 726
27 30
15 47
344 62
328 629
504 291
312 220
459 742
229 440
238 130
320 371
552 480
53 162
40 19
714 832
73 160
259 49
121 244
430 9
412 7
29 3
30 146
406 344
295 374
382 166
789 546
217 141
736 664
683 493
531 371
290 239
559 191
87 173
74 147
384 284
577 520
651 610
190 418
120 196
2 33
254 63
159 275
279 254
103 14
116 603
161 386
366 133
291 54
125 136
386 416
424 573
497 307
64 273
233 228
66 79
310 420
550 57
124 455
207 334
89 698
372 95
336 302
13 2
91 477
570 334
37 203
276 198
333 673
702 63
383 379
62 171
19 148
51 728
