2266.84356731
2332.48811181
2394.93852731
2426.74965025
2480.44750199
2531.99743731
2561.94694927
2718.07674731
2775.09820731
2806.77762277
2819.46414814
2860.66974038
2868.44051671
2891.22156186
2903.02353819
2903.19316731
3031.25174731
3060.14464908
3182.65770014
3194.31507731
3261.67654525
3308.35800731
3319.34113898
3494.43174007
3494.43731731
3529.17610711
3577.7552003
3587.40903253
3622.49589731
3709.52792731
3806.58068731
3832.39419885
3899.97994017
3935.62327731
3935.62327731
3956.92877537
4048.70733731
4098.68660731
4106.90697128
4147.77574731
4180.30229708
4212.72953731
4260.85980731
4334.99956494
4343.77002731
4357.37184593
4368.65838773
4373.94386731
4378.55425342
4408.61086168
4448.4842829
4497.43183874
4504.98435731
4506.83335731
4510.94145925
4535.68447551
4562.71608094
4618.06841731
4624.67577241
4634.89193731
4715.12117731
4749.91887731
4794.23786096
4829.16410731
4863.00293731
4900.20121731
4962.07134731
4991.92288089
5028.29617731
5090.16630731
5099.33328731
5101.58763213
5170.37039731
5237.89214653
5260.53929228
5261.35375919
5262.30916753
5267.42315731
5269.45188598
5292.07464954
5303.88883878
5366.49156731
5446.77135179
5474.87111238
5491.62380319
5513.55997731
