844.891150324
1000.99226032
1114.07632032
1261.14473032
1374.22879032
1560.30810032
1673.39216032
1774.43984032
1861.47187032
1964.48106032
2120.58217032
2306.66148032
2492.74079032
2605.82485032
2662.84631032
2825.90964032
2956.95013032
3071.97707032
3258.05638032
3329.09349032
3443.13642032
3571.19500032
3672.24268032
3773.29036032
3901.34894032
4087.42825032
4273.50756032
4330.52902032
4387.55048032
4516.59307032
4619.60226032
4756.66117032
4813.68263032
4960.75104032
5088.84600032
5219.88649032
5347.94507032
5534.02438032
5635.07206032
5748.15612032
5819.19323032
5920.24091032
6033.32497032
6219.40428032
6382.46761032
6479.52037032
6566.55240032
6669.56159032
6726.58305032
6873.65146032
6970.70422032
7156.78353032
7227.82064032
7328.86832032
7441.95238032
7498.97384032
7655.07495032
7752.12771032
7880.22267032
7995.24961032
8108.33367032
8195.36570032
8310.39264032
8496.47195032
8597.51963032
8711.56256032
8824.64662032
8987.70995032
9102.73689032
9239.79580032
9402.85913032
9558.96024032
9745.03955032
9832.07158032
9995.13491032
10082.1669403
10245.2302703
10431.3095803
10488.3310403
10545.3525003
10632.3845303
10763.4250203
10864.4727003
10965.5203803
11078.6044403
11206.6630203
11277.7001303
11374.7528903
11487.8369503
